Pass@1:0.14634146341463414mean_speed:12.950789239295618
mean_accepted_counts:152.3780487804878
mean_target_sample_counts:33.31707317073171
mean_resample_counts:16.158536585365855
